# Probe 0 (0 999 0)
# Probe 1 (0 500 0)
# Time            0                 1                
0.005             97481.9681        98100            
0.01              96564.2754        98100            
0.015             95488.54004       98100            
0.02              94422.57686       98100            
0.025             93380.79868       98100            
0.03              92357.22126       98100            
0.035             91345.87179       98100            
0.04              90340.05416       98100            
0.045             89335.20925       98100            
0.05              88330.05544       98100            
0.055             87324.83139       98100            
0.06              86319.81828       98100            
0.065             85315.16639       98100            
0.07              84311.03195       98100            
0.075             83307.48079       98100            
0.08              82304.44158       98100            
0.085             81301.806         98100            
0.09              80299.50612       98100            
0.095             79297.49442       98100            
0.1               78295.71548       98100            
0.105             77294.11637       98100            
0.11              76292.65964       98100            
0.115             75291.31375       98100            
0.12              74290.06925       98100            
0.125             73288.90631       98100            
0.13              72287.79616       98100            
0.135             71286.72102       98100            
0.14              70285.67574       98100            
0.145             69284.65862       98100            
0.15              68283.66324       98100            
0.155             67282.67963       98100            
0.16              66281.69809       98100            
0.165             65280.72176       98100            
0.17              64279.74983       98100            
0.175             63278.77302       98100            
0.18              62277.79614       98100            
0.185             61276.82216       98100            
0.19              60275.85384       98100            
0.195             59274.88958       98100            
0.2               58273.92728       98100            
0.205             57272.9665        98100            
0.21              56272.00688       98100            
0.215             55271.04979       98100            
0.22              54270.0937        98100            
0.225             53269.14914       98100            
0.23              52268.20623       98100            
0.235             51267.25604       98100            
0.24              50266.31719       98100            
0.245             49265.39792       98100            
0.25              48264.48689       98100            
0.255             47263.57422       98100            
0.26              46262.66548       98100            
0.265             45261.76939       98100            
0.27              44260.88687       98100            
0.275             43260.01225       98100            
0.28              42259.14285       98100            
0.285             41258.28125       98100            
0.29              40257.43028       98100            
0.295             39256.58993       98099.99999      
0.3               38255.75937       98099.99999      
0.305             37254.93944       98099.99999      
0.31              36254.13127       98099.99998      
0.315             35253.33557       98099.99996      
0.32              34252.55262       98099.99993      
0.325             33251.78243       98099.99985      
0.33              32251.02505       98099.99967      
0.335             31250.28064       98099.9993       
0.34              30249.54927       98099.99854      
0.345             29248.831         98099.99703      
0.35              28248.12581       98099.99406      
0.355             27247.43368       98099.98835      
0.36              26246.75448       98099.97758      
0.365             25246.08811       98099.95761      
0.37              24245.43452       98099.92129      
0.375             23244.79352       98099.85644      
0.38              22244.16622       98099.74276      
0.385             21243.6105        98099.54767      
0.39              20243.01416       98099.21816      
0.395             19242.38605       98098.67119      
0.4               18241.7404        98097.77769      
0.405             17241.24216       98096.34825      
0.41              16240.74531       98094.0998       
0.415             15240.18857       98090.62333      
0.42              14239.64494       98085.34153      
0.425             13239.1417        98077.45605      
0.43              12238.65472       98065.88653      
0.435             11238.17181       98049.20306      
0.44              10237.70468       98025.55629      
0.445             9237.258034       97992.61015      
0.45              8236.826263       97947.48448      
0.455             7236.404899       97886.71527      
0.46              6235.996603       97806.24786      
0.465             5235.609347       97701.4665       
0.47              4235.234223       97567.27087      
0.475             3234.865429       97398.20968      
0.48              2234.51227        97188.66519      
0.485             1234.169226       96933.08827      
0.49              233.8346071       96626.27228      
0.495             -766.4844448      96263.64443      
0.5               -1766.793782      95841.55519      
0.505             -2767.094985      95357.53489      
0.51              -3767.380418      94810.49298      
0.515             -4767.656703      94200.83664      
0.52              -5767.923398      93530.4886       
0.525             -6768.178745      92802.80279      
0.53              -7768.425955      92022.37544      
0.535             -8768.662191      91194.77628      
0.54              -9768.893737      90326.21385      
0.545             -10769.11109      89423.18429      
0.55              -11769.3291       88492.11263      
0.555             -12769.53007      87539.05487      
0.56              -13769.73324      86569.43942      
0.565             -14769.91986      85587.91832      
0.57              -15770.10777      84598.2748       
0.575             -16770.2792       83603.43873      
0.58              -17770.45277      82605.54181      
0.585             -18770.61021      81606.04111      
0.59              -19770.76596      80605.84933      
0.595             -20770.91172      79605.48004      
0.6               -21771.05735      78605.17407      
0.605             -22771.18591      77605.00944      
0.61              -23771.31342      76604.9783       
0.615             -24771.43247      75605.04159      
0.62              -25771.55178      74605.15769      
0.625             -26771.65502      73605.29806      
0.63              -27771.75598      72605.44659      
0.635             -28771.85284      71605.59905      
0.64              -29771.94302      70605.75593      
0.645             -30772.02772      69605.92042      
0.65              -31772.10717      68606.09407      
0.655             -32772.1817       67606.27699      
0.66              -33772.25164      66606.46748      
0.665             -34772.31714      65606.66303      
0.67              -35772.37841      64606.86104      
0.675             -36772.43441      63607.05933      
0.68              -37772.48727      62607.25645      
0.685             -38772.54133      61607.45175      
0.69              -39772.58168      60607.64393      
0.695             -40772.62419      59607.83408      
0.7               -41772.66218      58608.02131      
0.705             -42772.6944       57608.2056       
0.71              -43772.72272      56608.38709      
0.715             -44772.74488      55608.56551      
0.72              -45772.76617      54608.74121      
0.725             -46772.78106      53608.91357      
0.73              -47772.79121      52609.08315      
0.735             -48772.79996      51609.25005      
0.74              -49772.80333      50609.41394      
0.745             -50772.80287      49609.5754       
0.75              -51772.79978      48609.73443      
0.755             -52772.79506      47609.8911       
0.76              -53772.78531      46610.04541      
0.765             -54772.7739       45610.19787      
0.77              -55772.75755      44610.34805      
0.775             -56772.74058      43610.49679      
0.78              -57772.71858      42610.6434       
0.785             -58772.69295      41610.78863      
0.79              -59772.66458      40610.9324       
0.795             -60772.6351       39611.07492      
0.8               -61772.60107      38611.21599      
0.805             -62772.56329      37611.35609      
0.81              -63772.52485      36611.49537      
0.815             -64772.48368      35611.63357      
0.82              -65772.4391       34611.77113      
0.825             -66772.39536      33611.90843      
0.83              -67772.34816      32612.04475      
0.835             -68772.29998      31612.18103      
0.84              -69772.24874      30612.31688      
0.845             -70772.19871      29612.45294      
0.85              -71772.1461       28612.58854      
0.855             -72772.09231      27612.72446      
0.86              -73772.0367       26612.86041      
0.865             -74771.97931      25612.99665      
0.87              -75771.92247      24613.13339      
0.875             -76771.86396      23613.2703       
0.88              -77771.8039       22613.40789      
0.885             -78771.74182      21613.546        
0.89              -79771.68045      20613.68501      
0.895             -80771.61671      19613.82453      
0.9               -81771.55364      18613.96544      
0.905             -82771.48838      17614.10687      
0.91              -83771.42252      16614.24971      
0.915             -84771.35198      15614.39375      
0.92              -85771.27839      14614.53921      
0.925             -86771.20141      13614.68633      
0.93              -87771.11486      12614.83472      
0.935             -88771.02543      11614.98498      
0.94              -89770.94414      10615.13706      
0.945             -90770.87383      9615.291102      
0.95              -91770.80753      8615.446868      
0.955             -92770.74006      7615.604656      
0.96              -93770.6694       6615.764341      
0.965             -94770.59597      5615.925963      
0.97              -95770.51817      4616.089106      
0.975             -96770.4382       3616.254227      
0.98              -97770.36041      2616.421576      
0.985             -98770.28176      1616.590313      
0.99              -99770.20297      616.761292       
0.995             -100770.1231      -383.0659658     
1                 -101770.0416      -1382.891362     
1.005             -102769.9614      -2382.714524     
1.01              -103769.8796      -3382.536501     
1.015             -104769.7973      -4382.356409     
1.02              -105769.7143      -5382.174826     
1.025             -106769.6308      -6381.991574     
1.03              -107769.546       -7381.806781     
1.035             -108769.462       -8381.620241     
1.04              -109769.3768      -9381.432419     
1.045             -110769.2924      -10381.24248     
1.05              -111769.2067      -11381.05146     
1.055             -112769.1199      -12380.85852     
1.06              -113769.0337      -13380.66385     
1.065             -114768.9458      -14380.46832     
1.07              -115768.8569      -15380.27128     
1.075             -116768.7666      -16380.07321     
1.08              -117768.6749      -17379.8739      
1.085             -118768.5826      -18379.67335     
1.09              -119768.4909      -19379.47139     
1.095             -120768.3974      -20379.26856     
1.1               -121768.303       -21379.06416     
1.105             -122768.208       -22378.85853     
1.11              -123768.1122      -23378.65149     
1.115             -124768.0173      -24378.44284     
1.12              -125767.9221      -25378.23307     
1.125             -126767.8257      -26378.02174     
1.13              -127767.7296      -27377.80873     
1.135             -128767.6327      -28377.59473     
1.14              -129767.5346      -29377.37911     
1.145             -130767.437       -30377.16182     
1.15              -131767.3385      -31376.94365     
1.155             -132767.2389      -32376.72387     
1.16              -133767.1395      -33376.50246     
1.165             -134767.0393      -34376.28022     
1.17              -135766.9378      -35376.0564      
1.175             -136766.8365      -36375.83101     
1.18              -137766.7344      -37375.60476     
1.185             -138766.6311      -38375.37692     
1.19              -139766.5278      -39375.14761     
1.195             -140766.4239      -40374.91725     
1.2               -141766.3191      -41374.6853      
1.205             -142766.213       -42374.45205     
1.21              -143766.1067      -43374.21714     
1.215             -144766.0007      -44373.98079     
1.22              -145765.8933      -45373.74305     
1.225             -146765.7854      -46373.50326     
1.23              -147765.6767      -47373.262       
1.235             -148765.5667      -48373.0185      
1.24              -149765.4569      -49372.77251     
1.245             -150765.3462      -50372.52423     
1.25              -151765.2348      -51372.27229     
1.255             -152765.1222      -52372.01627     
1.26              -153765.0094      -53371.75484     
1.265             -154764.8956      -54371.48652     
1.27              -155764.7817      -55371.20841     
1.275             -156764.6666      -56370.91833     
1.28              -157764.5508      -57370.61075     
1.285             -158764.4337      -58370.28025     
1.29              -159764.3163      -59369.91845     
1.295             -160764.1989      -60369.51428     
1.3               -161764.0804      -61369.05335     
1.305             -162763.9603      -62368.51577     
1.31              -163763.8402      -63367.87568     
1.315             -164763.7191      -64367.10054     
1.32              -165763.5972      -65366.14579     
1.325             -166763.4741      -66364.95606     
1.33              -167763.3508      -67363.45958     
1.335             -168763.2265      -68361.56612     
1.34              -169763.1018      -69359.16095     
1.345             -170762.9759      -70356.10276     
1.35              -171762.849       -71352.21448     
1.355             -172762.721       -72347.27996     
1.36              -173762.5926      -73341.03483     
1.365             -174762.4637      -74333.16014     
1.37              -175762.3333      -75323.27263     
1.375             -176762.202       -76310.91695     
1.38              -177762.0705      -77295.55512     
1.385             -178761.9379      -78276.55953     
1.39              -179761.8039      -79253.20052     
1.395             -180761.6688      -80224.64127     
1.4               -181761.5332      -81189.92746     
1.405             -182761.3967      -82147.98363     
1.41              -183761.2596      -83097.60516     
1.415             -184761.1212      -84037.46213     
1.42              -185760.9816      -84966.09401     
1.425             -186760.8408      -85881.91948     
1.43              -187760.6993      -86783.24076     
1.435             -188760.5574      -87668.25751     
1.44              -189760.4144      -88535.08372     
1.445             -190760.2696      -89381.7679      
1.45              -191760.1242      -90206.31801     
1.455             -192759.9777      -91006.73205     
1.46              -193759.8304      -91781.02757     
1.465             -194759.6822      -92527.28079     
1.47              -195759.5323      -93243.66066     
1.475             -196759.3818      -93928.46755     
1.48              -197759.2303      -94580.17164     
1.485             -198759.0771      -95197.44746     
1.49              -199758.9238      -95779.20736     
1.495             -200758.7689      -96324.62908     
1.5               -201758.6126      -96833.18072     
1.505             -202758.4559      -97304.63552     
1.51              -203758.2976      -97739.08172     
1.515             -204758.1379      -98136.9246      
1.52              -205757.9779      -98498.88029     
1.525             -206757.8164      -98825.96052     
1.53              -207757.6536      -99119.45149     
1.535             -208757.489       -99380.88475     
1.54              -209757.3245      -99612.00542     
1.545             -210757.1584      -99814.73067     
1.55              -211756.9909      -99991.10899     
1.555             -212756.8221      -100143.2795     
1.56              -213756.6526      -100273.4266     
1.565             -214756.4815      -100383.7381     
1.57              -215756.3088      -100476.3678     
1.575             -216756.1359      -100553.4026     
1.58              -217755.9615      -100616.8295     
1.585             -218755.7856      -100668.5116     
1.59              -219755.6082      -100710.1728     
1.595             -220755.4303      -100743.3821     
1.6               -221755.2505      -100769.5469     
1.605             -222755.0693      -100789.9116     
1.61              -223754.8876      -100805.562      
1.615             -224754.7044      -100817.43       
1.62              -225754.5193      -100826.3033     
1.625             -226754.3338      -100832.8399     
1.63              -227754.1468      -100837.5791     
1.635             -228753.9579      -100840.9563     
1.64              -229753.7674      -100843.3177     
1.645             -230753.5766      -100844.9342     
1.65              -231753.3844      -100846.0137     
1.655             -232753.1904      -100846.713      
1.66              -233752.9945      -100847.1484     
1.665             -234752.7983      -100847.4041     
1.67              -235752.6         -100847.54       
1.675             -236752.3999      -100847.5978     
1.68              -237752.1991      -100847.6056     
1.685             -238751.9954      -100847.5821     
1.69              -239751.7907      -100847.5392     
1.695             -240751.584       -100847.4844     
1.7               -241751.3737      -100847.4221     
1.705             -242751.1604      -100847.3547     
1.71              -243750.944       -100847.2837     
1.715             -244750.7233      -100847.2096     
1.72              -245750.4472      -100847.1327     
1.725             -246750.2796      -100847.0531     
1.73              -247750.0596      -100846.9706     
1.735             -248749.7244      -100846.8853     
1.74              -249749.4         -100846.7971     
1.745             -250749.104       -100846.7058     
1.75              -251748.8263      -100846.6113     
1.755             -252748.4357      -100846.5137     
1.76              -253747.9069      -100846.4128     
1.765             -254747.3924      -100846.3085     
1.77              -255746.8635      -100846.2008     
1.775             -256746.1844      -100846.0896     
1.78              -257745.3313      -100845.9749     
1.785             -258744.2457      -100845.8565     
1.79              -259742.9604      -100845.7345     
1.795             -260741.455       -100845.6088     
1.8               -261739.4133      -100845.4794     
1.805             -262736.9176      -100845.3464     
1.81              -263733.7789      -100845.2098     
1.815             -264729.8909      -100845.0697     
1.82              -265725.0959      -100844.9264     
1.825             -266718.9732      -100844.7801     
1.83              -267711.4311      -100844.6311     
1.835             -268702.1917      -100844.4797     
1.84              -269690.706       -100844.3264     
1.845             -270676.6441      -100844.1716     
1.85              -271659.3473      -100844.0158     
1.855             -272638.2933      -100843.8594     
1.86              -273612.6448      -100843.7031     
1.865             -274581.6657      -100843.5472     
1.87              -275544.2843      -100843.3922     
1.875             -276499.369       -100843.2384     
1.88              -277445.7465      -100843.0862     
1.885             -278382.0253      -100842.9358     
1.89              -279306.5736      -100842.7872     
1.895             -280217.6617      -100842.6404     
1.9               -281113.4024      -100842.4954     
1.905             -281991.7514      -100842.3519     
1.91              -282850.4482      -100842.2096     
1.915             -283687.0717      -100842.0681     
1.92              -284499.0943      -100841.9268     
1.925             -285283.8769      -100841.7852     
1.93              -286038.4979      -100841.6428     
1.935             -286760.2034      -100841.4988     
1.94              -287445.8691      -100841.3526     
1.945             -288092.2174      -100841.2037     
1.95              -288696.3952      -100841.0516     
1.955             -289255.5125      -100840.896      
1.96              -289767.5373      -100840.7368     
1.965             -290228.2054      -100840.5736     
1.97              -290635.1493      -100840.4063     
1.975             -290986.7357      -100840.2352     
1.98              -291279.5646      -100840.0606     
1.985             -291512.041       -100839.8828     
1.99              -291683.253       -100839.7026     
1.995             -291790.7821      -100839.5207     
2                 -291834.3386      -100839.3381     
2.005             -291813.9113      -100839.1552     
2.01              -291729.1467      -100838.973      
2.015             -291579.6956      -100838.7929     
2.02              -291367.156       -100838.6159     
2.025             -291092.8974      -100838.4428     
2.03              -290758.0034      -100838.2745     
2.035             -290364.4608      -100838.1119     
2.04              -289914.7371      -100837.9557     
2.045             -289411.4047      -100837.8065     
2.05              -288857.2359      -100837.6647     
2.055             -288255.279       -100837.5307     
2.06              -287608.6745      -100837.4047     
2.065             -286920.423       -100837.2867     
2.07              -286193.6798      -100837.1767     
2.075             -285431.6758      -100837.0746     
2.08              -284637.8058      -100836.98       
2.085             -283814.4542      -100836.8929     
2.09              -282965.3517      -100836.8123     
2.095             -282093.7149      -100836.7377     
2.1               -281202.0847      -100836.6688     
2.105             -280292.2966      -100836.605      
2.11              -279366.6204      -100836.5456     
2.115             -278428.523       -100836.4893     
2.12              -277479.3109      -100836.4359     
2.125             -276520.4409      -100836.3843     
2.13              -275553.7083      -100836.3338     
2.135             -274580.3664      -100836.284      
2.14              -273601.3175      -100836.2342     
2.145             -272618.0057      -100836.183      
2.15              -271630.7619      -100836.1301     
2.155             -270640.7913      -100836.0749     
2.16              -269648.624       -100836.0163     
2.165             -268654.5188      -100835.9536     
2.17              -267658.9991      -100835.8862     
2.175             -266662.4834      -100835.8131     
2.18              -265665.1367      -100835.7335     
2.185             -264667.1235      -100835.6466     
2.19              -263668.6296      -100835.5514     
2.195             -262669.8078      -100835.4467     
2.2               -261670.7277      -100835.3315     
2.205             -260671.4323      -100835.2043     
2.21              -259671.9796      -100835.0637     
2.215             -258672.4348      -100834.9079     
2.22              -257672.8234      -100834.7347     
2.225             -256673.1648      -100834.5416     
2.23              -255673.5009      -100834.3258     
2.235             -254673.7377      -100834.0832     
2.24              -253674.0237      -100833.8077     
2.245             -252674.3316      -100833.4929     
2.25              -251674.6153      -100833.1322     
2.255             -250674.8791      -100832.7147     
2.26              -249675.205       -100832.2243     
2.265             -248675.5972      -100831.6451     
2.27              -247675.9636      -100830.9566     
2.275             -246676.2892      -100830.1375     
2.28              -245676.5644      -100829.1533     
2.285             -244676.969       -100827.9639     
2.29              -243677.3664      -100826.5257     
2.295             -242677.6224      -100824.7795     
2.3               -241677.9475      -100822.6304     
2.305             -240678.3548      -100820.0368     
2.31              -239678.6961      -100816.9084     
2.315             -238678.9834      -100813.0849     
2.32              -237679.2118      -100808.4747     
2.325             -236679.4445      -100802.9089     
2.33              -235679.6099      -100796.2037     
2.335             -234679.6755      -100788.1331     
2.34              -233679.8398      -100778.4815     
2.345             -232679.9504      -100766.9487     
2.35              -231679.9956      -100753.1769     
2.355             -230680.197       -100736.814      
2.36              -229680.3626      -100717.4497     
2.365             -228680.5375      -100694.4257     
2.37              -227680.8522      -100667.2915     
2.375             -226681.1895      -100635.7502     
2.38              -225681.427       -100598.833      
2.385             -224681.6419      -100555.8429     
2.39              -223681.8774      -100506.0836     
2.395             -222682.0816      -100448.713      
2.4               -221682.2227      -100382.8773     
2.405             -220682.3102      -100307.5757     
2.41              -219682.3551      -100221.7878     
2.415             -218682.3861      -100124.4436     
2.42              -217682.4123      -100014.4074     
2.425             -216682.4309      -99890.51254     
2.43              -215682.4438      -99751.57101     
2.435             -214682.462       -99596.35869     
2.44              -213682.4906      -99423.63208     
2.445             -212682.5394      -99232.1536      
2.45              -211682.6089      -99020.69888     
2.455             -210682.6933      -98788.06529     
2.46              -209682.7888      -98533.09421     
2.465             -208682.8948      -98254.68136     
2.47              -207683.0068      -97951.78604     
2.475             -206683.1272      -97623.45351     
2.48              -205683.2547      -97268.82513     
2.485             -204683.386       -96887.14886     
2.49              -203683.5204      -96477.79497     
2.495             -202683.6554      -96040.26282     
2.5               -201683.789       -95574.18991     
2.505             -200683.9177      -95079.35679     
2.51              -199684.0409      -94555.69256     
2.515             -198684.1576      -94003.2758      
2.52              -197684.2649      -93422.33277     
2.525             -196684.3639      -92813.23809     
2.53              -195684.4538      -92176.50596     
2.535             -194684.5331      -91512.78334     
2.54              -193684.6037      -90822.84467     
2.545             -192684.6662      -90107.57589     
2.55              -191684.721       -89367.96357     
2.555             -190684.7707      -88605.08504     
2.56              -189684.8173      -87820.08814     
2.565             -188684.8625      -87014.17871     
2.57              -187684.9097      -86188.60806     
2.575             -186684.9617      -85344.65307     
2.58              -185685.022       -84483.60257     
2.585             -184685.0925      -83606.7451      
2.59              -183685.1767      -82715.35626     
2.595             -182685.2779      -81810.682       
2.6               -181685.398       -80893.93218     
2.605             -180685.541       -79966.27101     
2.61              -179685.7062      -79028.80393     
2.615             -178685.897       -78082.58111     
2.62              -177686.1135      -77128.58352     
2.625             -176686.3574      -76167.72426     
2.63              -175686.6272      -75200.84432     
2.635             -174686.9227      -74228.71625     
2.64              -173687.2428      -73252.03944     
2.645             -172687.585       -72271.44448     
2.65              -171687.9473      -71287.49717     
2.655             -170688.327       -70300.69846     
2.66              -169688.72        -69311.48953     
2.665             -168689.1232      -68320.25786     
2.67              -167689.533       -67327.33871     
2.675             -166689.9447      -66333.02062     
2.68              -165690.3553      -65337.55241     
2.685             -164690.7593      -64341.14241     
2.69              -163691.1538      -63343.96919     
2.695             -162691.5351      -62346.18078     
2.7               -161691.8993      -61347.89978     
2.705             -160692.2433      -60349.22834     
2.71              -159692.5644      -59350.24985     
2.715             -158692.8609      -58351.03203     
2.72              -157693.1318      -57351.63162     
2.725             -156693.3682      -56352.09227     
2.73              -155693.5654      -55352.44705     
2.735             -154693.7303      -54352.72424     
2.74              -153693.8707      -53352.94507     
2.745             -152693.9888      -52353.12634     
2.75              -151694.0849      -51353.28073     
2.755             -150694.1624      -50353.41773     
2.76              -149694.2251      -49353.54429     
2.765             -148694.2731      -48353.6653      
2.77              -147694.3036      -47353.78409     
2.775             -146694.3155      -46353.90277     
2.78              -145694.3113      -45354.02278     
2.785             -144694.2958      -44354.14393     
2.79              -143694.2738      -43354.26759     
2.795             -142694.2481      -42354.39314     
2.8               -141694.221       -41354.52099     
2.805             -140694.1944      -40354.65117     
2.81              -139694.1695      -39354.78112     
2.815             -138694.16        -38354.91401     
2.82              -137694.1696      -37355.05288     
2.825             -136694.181       -36355.19717     
2.83              -135694.1857      -35355.34396     
2.835             -134694.2045      -34355.49629     
2.84              -133694.248       -33355.65517     
2.845             -132694.3058      -32355.81972     
2.85              -131694.3738      -31355.99073     
2.855             -130694.4545      -30356.16919     
2.86              -129694.5504      -29356.35234     
2.865             -128694.6612      -28356.54015     
2.87              -127694.7843      -27356.73133     
2.875             -126694.9132      -26356.92936     
2.88              -125695.0401      -25357.12369     
2.885             -124695.1806      -24357.31568     
2.89              -123695.3474      -23357.50568     
2.895             -122695.5258      -22357.69815     
2.9               -121695.6972      -21357.88851     
2.905             -120695.8672      -20358.07593     
2.91              -119696.0319      -19358.25782     
2.915             -118696.2076      -18358.4336      
2.92              -117696.2566      -17358.65604     
2.925             -116696.2238      -16358.89694     
2.93              -115696.2388      -15359.11513     
2.935             -114696.3451      -14359.31234     
2.94              -113696.5493      -13359.49876     
2.945             -112696.8385      -12359.68164     
2.95              -111697.1983      -11359.86432     
2.955             -110697.6125      -10360.04862     
2.96              -109698.0568      -9360.235151     
2.965             -108698.4964      -8360.424561     
2.97              -107698.9066      -7360.61693      
2.975             -106699.2792      -6360.812101     
2.98              -105699.6229      -5361.009562     
2.985             -104699.9656      -4361.207058     
2.99              -103700.2506      -3361.408846     
2.995             -102700.5896      -2361.610603     
3                 -101700.8428      -1361.819714     
3.005             -100701.1064      -362.0297314     
3.01              -99701.49886      637.7637133      
3.015             -98701.90305      1637.566314      
3.02              -97702.08359      2637.370694      
3.025             -96702.3081       3637.173744      
3.03              -95702.67909      4636.977806      
3.035             -94703.14083      5636.799915      
3.04              -93703.35953      6636.61969       
3.045             -92703.58077      7636.439342      
3.05              -91703.893        8636.252211      
3.055             -90704.15895      9636.049185      
3.06              -89704.37601      10635.83949      
3.065             -88704.61212      11635.66654      
3.07              -87704.89249      12635.52175      
3.075             -86705.26491      13635.38568      
3.08              -85705.7154       14635.24485      
3.085             -84706.19342      15635.10422      
3.09              -83706.6409       16634.95476      
3.095             -82707.05673      17634.79931      
3.1               -81707.43392      18634.64083      
3.105             -80707.75826      19634.47807      
3.11              -79708.03577      20634.31         
3.115             -78708.2927       21634.13612      
3.12              -77708.55969      22633.95616      
3.125             -76708.85743      23633.76998      
3.13              -75709.19015      24633.57747      
3.135             -74709.38255      25633.33267      
3.14              -73709.51612      26633.07014      
3.145             -72709.62858      27632.80313      
3.15              -71709.73441      28632.52755      
3.155             -70709.88194      29632.24608      
3.16              -69710.10752      30631.95865      
3.165             -68710.42255      31631.66332      
3.17              -67710.81554      32631.3574       
3.175             -66711.25929      33631.0381       
3.18              -65711.72245      34630.70248      
3.185             -64712.18009      35630.34733      
3.19              -63712.61837      36629.96868      
3.195             -62713.03376      37629.56156      
3.2               -61713.42981      38629.11982      
3.205             -60713.8135       39628.63594      
3.21              -59714.18959      40628.10023      
3.215             -58714.56434      41627.50135      
3.22              -57714.93917      42626.82504      
3.225             -56715.31537      43626.05403      
3.23              -55715.69377      44625.16784      
3.235             -54716.07299      45624.14168      
3.24              -53716.45491      46622.94671      
3.245             -52716.83842      47621.54856      
3.25              -51717.22188      48619.90657      
3.255             -50717.60735      49617.97382      
3.26              -49717.99384      50615.69538      
3.265             -48718.37955      51613.00714      
3.27              -47718.76757      52609.83559      
3.275             -46719.15608      53606.09574      
3.28              -45719.5456       54601.68994      
3.285             -44719.93557      55596.50657      
3.29              -43720.32518      56590.41837      
3.295             -42720.71691      57583.28108      
3.3               -41721.10956      58574.93134      
3.305             -40721.50239      59565.18491      
3.31              -39721.89453      60553.83508      
3.315             -38722.28776      61540.65042      
3.32              -37722.68266      62525.3731       
3.325             -36723.07718      63507.71707      
3.33              -35723.47087      64487.36611      
3.335             -34723.86644      65463.97138      
3.34              -33724.2624       66437.151        
3.345             -32724.65873      67406.48759      
3.35              -31725.0548       68371.52749      
3.355             -30725.45245      69331.77867      
3.36              -29725.8511       70286.71139      
3.365             -28726.2499       71235.75688      
3.37              -27726.65046      72178.30675      
3.375             -26727.05163      73113.71515      
3.38              -25727.45487      74041.29723      
3.385             -24727.86007      74960.33266      
3.39              -23728.2661       75870.06707      
3.395             -22728.67506      76769.71328      
3.4               -21729.0869       77658.45623      
3.405             -20729.49975      78535.45671      
3.41              -19729.91676      79399.85351      
3.415             -18730.3371       80250.77106      
3.42              -17730.7597       81087.32409      
3.425             -16731.18553      81908.62329      
3.43              -15731.61484      82713.78179      
3.435             -14732.04845      83501.92172      
3.44              -13732.48614      84272.18199      
3.445             -12732.92689      85023.72559      
3.45              -11733.3696       85755.74689      
3.455             -10733.81866      86467.47775      
3.46              -9734.269506      87158.19716      
3.465             -8734.723088      87827.23658      
3.47              -7735.18198       88473.98699      
3.475             -6735.639585      89097.90637      
3.48              -5736.102268      89698.52403      
3.485             -4736.567242      90275.44667      
3.49              -3737.02819       90828.36304      
3.495             -2737.397953      91357.04836      
3.5               -1737.932866      91861.362        
3.505             -738.4507766      92341.25633      
3.51              261.1563645       92796.77291      
3.515             1260.708443       93228.04877      
3.52              2260.212174       93635.30667      
3.525             3259.737748       94018.85712      
3.53              4259.276874       94379.09601      
3.535             5258.912212       94716.50295      
3.54              6258.440868       95031.62406      
3.545             7258.08188        95325.081        
3.55              8257.495192       95597.55943      
3.555             9256.865346       95849.805        
3.56              10256.50924       96082.60866      
3.565             11256.28076       96296.80674      
3.57              12255.95964       96493.27981      
3.575             13255.54516       96672.91689      
3.58              14254.96247       96836.60704      
3.585             15254.54651       96985.2886       
3.59              16254.27874       97119.88845      
3.595             17253.96818       97241.33217      
3.6               18253.55544       97350.52569      
3.605             19253.13759       97448.36314      
3.61              20252.83736       97535.74226      
3.615             21252.49301       97613.48388      
3.62              22252.04205       97682.37616      
3.625             23251.64405       97743.20969      
3.63              24251.33574       97796.73583      
3.635             25251.03773       97843.65874      
3.64              26250.64015       97884.61537      
3.645             27250.2239        97920.22809      
3.65              28249.8254        97951.06507      
3.655             29249.42629       97977.6558       
3.66              30248.99518       98000.49386      
3.665             31248.48488       98020.01554      
3.67              32247.9208        98036.6263       
3.675             33247.34365       98050.70071      
3.68              34246.67697       98062.55874      
3.685             35245.92878       98072.50259      
3.69              36245.08642       98080.79811      
3.695             37244.10244       98087.67473      
3.7               38242.97273       98093.34037      
3.705             39241.69059       98097.97726      
3.71              40240.22427       98101.74545      
3.715             41238.50107       98104.77986      
3.72              42236.47514       98107.19916      
3.725             43234.11565       98109.10602      
3.73              44231.35866       98110.58835      
3.735             45228.10243       98111.71866      
3.74              46224.28388       98112.56005      
3.745             47219.81703       98113.1645       
3.75              48214.59448       98113.57608      
3.755             49208.49224       98113.83157      
3.76              50201.36947       98113.96191      
3.765             51193.05214       98113.99313      
3.77              52183.33976       98113.947        
3.775             53172.02746       98113.83893      
3.78              54158.88745       98113.68158      
3.785             55143.65785       98113.48631      
3.79              56126.04509       98113.26231      
3.795             57105.71681       98113.01664      
3.8               58082.29727       98112.75509      
3.805             59055.36613       98112.4824       
3.81              60024.45853       98112.20232      
3.815             60989.06365       98111.91775      
3.82              61948.62729       98111.63095      
3.825             62902.54761       98111.34368      
3.83              63850.16934       98111.05727      
3.835             64790.77737       98110.7727       
3.84              65723.59603       98110.49064      
3.845             66647.78647       98110.2115       
3.85              67562.44296       98109.93547      
3.855             68466.59492       98109.66262      
3.86              69359.20958       98109.39288      
3.865             70239.19491       98109.1261       
3.87              71105.3992        98108.86202      
3.875             71956.61061       98108.6003       
3.88              72791.55762       98108.34057      
3.885             73608.9116        98108.08239      
3.89              74407.29151       98107.82535      
3.895             75185.26954       98107.56902      
3.9               75941.38031       98107.313        
3.905             76674.1266        98107.0569       
3.91              77381.9831        98106.80038      
3.915             78063.40558       98106.54313      
3.92              78716.84004       98106.28489      
3.925             79340.73362       98106.02546      
3.93              79933.53572       98105.76468      
3.935             80493.74988       98105.50242      
3.94              81019.87246       98105.23862      
3.945             81510.44599       98104.97326      
3.95              81964.08714       98104.70632      
3.955             82379.47981       98104.43786      
3.96              82755.37845       98104.16793      
3.965             83090.6221        98103.89661      
3.97              83384.14943       98103.62403      
3.975             83635.00973       98103.3503       
3.98              83842.3608        98103.07557      
3.985             84005.52002       98102.80002      
3.99              84123.9011        98102.52384      
3.995             84197.05679       98102.24726      
4                 84224.70008       98101.97054      
4.005             84206.68989       98101.69397      
4.01              84143.0268        98101.41788      
4.015             84033.85644       98101.14262      
4.02              83879.47505       98100.86859      
4.025             83680.33185       98100.59619      
4.03              83437.02604       98100.32587      
4.035             83150.29722       98100.05808      
4.04              82821.0106        98099.79329      
4.045             82450.14231       98099.53195      
4.05              82038.77153       98099.27454      
4.055             81588.07888       98099.02148      
4.06              81099.34493       98098.77319      
4.065             80573.93234       98098.53005      
4.07              80013.31606       98098.29238      
4.075             79418.99253       98098.06046      
4.08              78792.50118       98097.83446      
4.085             78135.42971       98097.61446      
4.09              77449.38785       98097.40043      
4.095             76735.99231       98097.19218      
4.1               75996.85885       98096.98934      
4.105             75233.59186       98096.79137      
4.11              74447.77733       98096.59746      
4.115             73640.97264       98096.40658      
4.12              72814.69828       98096.21739      
4.125             71970.41692       98096.02822      
4.13              71109.57678       98095.83703      
4.135             70233.52613       98095.64138      
4.14              69343.55289       98095.43835      
4.145             68440.9015        98095.22449      
4.15              67526.75055       98094.99576      
4.155             66602.20277       98094.74742      
4.16              65668.28609       98094.47394      
4.165             64725.95705       98094.16893      
4.17              63776.10644       98093.82493      
4.175             62819.55309       98093.43334      
4.18              61857.0528        98092.9842       
4.185             60889.29367       98092.46598      
4.19              59916.90344       98091.86542      
4.195             58940.45013       98091.16718      
4.2               57960.44648       98090.35362      
4.205             56977.35259       98089.4044       
4.21              55991.57908       98088.29617      
4.215             55003.49139       98087.00212      
4.22              54013.41338       98085.49146      
4.225             53021.6298        98083.72907      
4.23              52028.39186       98081.67469      
4.235             51033.9177        98079.28259      
4.24              50038.3986        98076.50059      
4.245             49041.99862       98073.26961      
4.25              48044.86077       98069.52256      
4.255             47047.1061        98065.18394      
4.26              46048.83994       98060.16836      
4.265             45050.15009       98054.38023      
4.27              44051.11298       98047.71197      
4.275             43051.79078       98040.04399      
4.28              42052.23818       98031.24238      
4.285             41052.49844       98021.15904      
4.29              40052.61035       98009.62906      
4.295             39052.60284       97996.47151      
4.3               38052.50344       97981.48581      
4.305             37052.33147       97964.45319      
4.31              36052.10751       97945.13214      
4.315             35051.84337       97923.26189      
4.32              34051.55693       97898.55459      
4.325             33051.25795       97870.70123      
4.33              32050.83534       97839.44668      
4.335             31050.34468       97804.3975       
4.34              30049.82415       97765.14153      
4.345             29049.27158       97721.27007      
4.35              28048.70513       97672.34532      
4.355             27048.15809       97617.9018       
4.36              26047.66223       97557.44925      
4.365             25047.2387        97490.47102      
4.37              24046.88926       97416.42663      
4.375             23046.60276       97334.75199      
4.38              22046.36291       97244.85783      
4.385             21046.14883       97146.13539      
4.39              20045.94784       97037.954        
4.395             19045.74682       96919.66626      
4.4               18045.54          96790.61107      
4.405             17045.32763       96650.11249      
4.41              16045.10871       96497.48683      
4.415             15044.8848        96332.04592      
4.42              14044.65931       96153.0974       
4.425             13044.43119       95959.95191      
4.43              12044.20037       95751.92697      
4.435             11043.96814       95528.34879      
4.44              10043.73291       95288.55912      
4.445             9043.494279       95031.91948      
4.45              8043.253796       94757.81403      
4.455             7043.007895       94465.65623      
4.46              6042.763146       94154.89113      
4.465             5042.512371       93825.00099      
4.47              4042.259978       93475.51007      
4.475             3042.002865       93105.98719      
4.48              2041.742511       92716.05006      
4.485             1041.486267       92305.3679       
4.49              41.12078593       91873.66939      
4.495             -959.0910069      91420.73087      
4.5               -1959.285672      90946.39329      
4.505             -2959.585231      90450.56059      
4.51              -3959.930607      89933.19591      
4.515             -4960.178315      89394.32855      
4.52              -5960.568001      88834.04704      
4.525             -6960.638356      88252.50293      
4.53              -7960.774879      87649.9079       
4.535             -8961.125086      87026.53355      
4.54              -9961.476679      86382.70733      
4.545             -10961.7836       85718.81331      
4.55              -11962.04671      85035.28563      
4.555             -12962.09067      84332.59909      
4.56              -13962.49699      83611.28579      
4.565             -14962.89346      82871.91167      
4.57              -15963.08381      82115.07823      
4.575             -16963.278        81341.41975      
4.58              -17963.35671      80551.58694      
4.585             -18963.58628      79746.26498      
4.59              -19963.85515      78926.14811      
4.595             -20964.00454      78091.94294      
4.6               -21964.1324       77244.36752      
4.605             -22964.29463      76384.1342       
4.61              -23964.54167      75511.98788      
4.615             -24964.64249      74628.61926      
4.62              -25964.664        73734.72293      
4.625             -26964.80856      72831.00375      
4.63              -27964.92126      71918.13124      
4.635             -28964.85593      70996.74686      
4.64              -29965.0277       70067.49859      
4.645             -30965.1762       69130.99711      
4.65              -31965.13018      68187.81279      
4.655             -32965.12787      67238.51387      
4.66              -33965.22821      66283.6306       
4.665             -34965.28982      65323.66441      
4.67              -35965.21494      64359.07198      
4.675             -36965.13746      63390.29694      
4.68              -37965.11873      62417.74878      
4.685             -38965.16514      61441.81843      
4.69              -39965.1303       60462.85429      
4.695             -40965.11155      59481.1826       
4.7               -41965.14318      58497.10564      
4.705             -42965.11347      57510.89117      
4.71              -43965.07923      56522.7901       
4.715             -44965.09604      55533.02886      
4.72              -45965.12438      54541.80997      
4.725             -46965.12127      53549.31697      
4.73              -47965.09749      52555.71344      
4.735             -48965.08631      51561.14567      
4.74              -49965.1023       50565.74372      
4.745             -50965.13976      49569.6222       
4.75              -51965.18598      48572.88209      
4.755             -52965.23213      47575.6123       
4.76              -53965.2806       46577.89009      
4.765             -54965.34023      45579.7825       
4.77              -55965.41198      44581.34847      
4.775             -56965.49344      43582.63823      
4.78              -57965.58807      42583.69465      
4.785             -58965.69246      41584.55552      
4.79              -59965.79823      40585.25273      
4.795             -60965.91134      39585.81303      
4.8               -61966.03573      38586.26057      
4.805             -62966.16108      37586.61531      
4.81              -63966.28946      36586.89405      
4.815             -64966.4282       35587.11258      
4.82              -65966.56732      34587.28293      
4.825             -66966.70392      33587.41598      
4.83              -67966.84626      32587.5227       
4.835             -68966.99144      31587.60947      
4.84              -69967.134        30587.68319      
4.845             -70967.27026      29587.75204      
4.85              -71967.40643      28587.81931      
4.855             -72967.56408      27587.8889       
4.86              -73967.71625      26587.96308      
4.865             -74967.83377      25588.04544      
4.87              -75968.00153      24588.12931      
4.875             -76968.0825       23588.22991      
4.88              -77968.14434      22588.345        
4.885             -78968.26661      21588.47101      
4.89              -79968.43401      20588.60416      
4.895             -80968.56125      19588.74875      
4.9               -81968.65035      18588.9036       
4.905             -82968.73251      17589.06702      
4.91              -83968.81011      16589.23524      
4.915             -84968.89525      15589.41039      
4.92              -85968.92186      14589.59188      
4.925             -86968.98137      13589.76786      
4.93              -87968.93452      12589.95126      
4.935             -88968.8551       11590.1411       
4.94              -89968.8379       10590.33274      
4.945             -90968.84323      9590.525557      
4.95              -91968.83145      8590.715074      
4.955             -92968.76189      7590.907295      
4.96              -93968.74942      6591.090495      
4.965             -94968.6398       5591.281229      
4.97              -95968.4571       4591.47497       
4.975             -96968.42635      3591.670472      
4.98              -97968.40194      2591.859489      
4.985             -98968.25129      1592.0532        
4.99              -99968.09808      592.2502615      
4.995             -100968.014       -407.5572266     
5                 -101967.9532      -1407.361788     
5.005             -102457.7841      -2407.1605       
5.01              -102511.4328      -3406.957285     
5.015             -102461.3676      -4406.753389     
5.02              -102434.7486      -5406.547153     
5.025             -102426.117       -6406.341367     
5.03              -102413.3269      -7406.089752     
5.035             -102396.9999      -8405.833477     
5.04              -102382.8463      -9405.594176     
5.045             -102371.3638      -10405.36168     
5.05              -102360.7117      -11405.13732     
5.055             -102350.631       -12404.9167      
5.06              -102341.6202      -13404.69509     
5.065             -102333.3762      -14404.46841     
5.07              -102325.262       -15404.23737     
5.075             -102317.5457      -16403.99939     
5.08              -102310.105       -17403.75444     
5.085             -102302.9209      -18403.49961     
5.09              -102295.5269      -19403.23179     
5.095             -102288.4559      -20402.95065     
5.1               -102281.889       -21402.65536     
5.105             -102275.6729      -22402.32765     
5.11              -102269.5561      -23401.97184     
5.115             -102263.739       -24401.59375     
5.12              -102258.1987      -25401.18849     
5.125             -102252.9508      -26400.74976     
5.13              -102248.0763      -27400.27185     
5.135             -102243.4814      -28399.7484      
5.14              -102239.0101      -29399.17219     
5.145             -102234.6272      -30398.53476     
5.15              -102230.3972      -31397.8263      
5.155             -102226.3582      -32397.03557     
5.16              -102222.4813      -33396.14976     
5.165             -102218.7224      -34395.1543      
5.17              -102215.0727      -35394.0325      
5.175             -102211.559       -36392.76527     
5.18              -102208.2147      -37391.33086     
5.185             -102205.0542      -38389.70449     
5.19              -102202.0638      -39387.8581      
5.195             -102199.208       -40385.75994     
5.2               -102196.446       -41383.37413     
5.205             -102193.7507      -42380.66023     
5.21              -102191.1172      -43377.57271     
5.215             -102188.559       -44374.06042     
5.22              -102186.0938      -45370.06609     
5.225             -102183.731       -46365.52568     
5.23              -102181.4662      -47360.36783     
5.235             -102179.284       -48354.51324     
5.24              -102177.1652      -49347.87395     
5.245             -102175.0933      -50340.35228     
5.25              -102173.0583      -51331.84053     
5.255             -102171.0566      -52322.22101     
5.26              -102169.0895      -53311.36285     
5.265             -102167.1604      -54299.12408     
5.27              -102165.2723      -55285.34865     
5.275             -102163.4273      -56269.86705     
5.28              -102161.6594      -57252.49784     
5.285             -102159.9005      -58233.03538     
5.29              -102158.1195      -59211.2662      
5.295             -102156.4127      -60186.95581     
5.3               -102154.8128      -61159.85538     
5.305             -102153.2537      -62129.69411     
5.31              -102151.7197      -63096.19022     
5.315             -102150.1409      -64059.0294      
5.32              -102148.5602      -65017.88761     
5.325             -102147.0764      -65972.41911     
5.33              -102145.6815      -66922.25916     
5.335             -102144.2994      -67867.0223      
5.34              -102142.894       -68806.30201     
5.345             -102141.497       -69739.67514     
5.35              -102140.1681      -70666.702       
5.355             -102138.8976      -71586.9175      
5.36              -102137.5386      -72499.83365     
5.365             -102136.1797      -73404.95753     
5.37              -102134.9382      -74301.7768      
5.375             -102133.7991      -75189.75334     
5.38              -102132.5785      -76068.33473     
5.385             -102131.3061      -76936.95076     
5.39              -102130.1045      -77795.00843     
5.395             -102129.0161      -78641.87242     
5.4               -102127.8757      -79476.87169     
5.405             -102126.6275      -80299.26188     
5.41              -102125.4539      -81108.23919     
5.415             -102124.433       -81902.87048     
5.42              -102123.3837      -82682.06818     
5.425             -102122.2345      -83444.54668     
5.43              -102121.1238      -84188.74993     
5.435             -102120.0696      -84912.79351     
5.44              -102119.0163      -85614.39185     
5.445             -102117.9756      -86290.78793     
5.45              -102116.9143      -86938.6964      
5.455             -102115.873       -87554.25957     
5.46              -102114.8865      -88133.03185     
5.465             -102113.919       -88670.01438     
5.47              -102112.9245      -89159.72232     
5.475             -102111.9151      -89596.32422     
5.48              -102110.9298      -89973.83199     
5.485             -102109.9755      -90286.34724     
5.49              -102109.0315      -90528.34097     
5.495             -102108.0877      -90694.95951     
5.5               -102107.1519      -90782.32622     
5.505             -102106.2305      -90787.80058     
5.51              -102105.3205      -90710.26528     
5.515             -102104.4169      -90550.08983     
5.52              -102103.5185      -90309.30518     
5.525             -102102.6253      -89991.43027     
5.53              -102101.7355      -89601.27762     
5.535             -102100.8437      -89144.29532     
5.54              -102099.9593      -88627.34607     
5.545             -102099.0728      -88058.44434     
5.55              -102098.2102      -87443.92331     
5.555             -102097.3609      -86789.92511     
5.56              -102096.4665      -86102.35256     
5.565             -102095.5412      -85386.31125     
5.57              -102094.6499      -84646.01317     
5.575             -102093.7602      -83884.87931     
5.58              -102092.8673      -83105.60484     
5.585             -102091.9809      -82310.19586     
5.59              -102091.0766      -81500.13387     
5.595             -102090.1235      -80676.51484     
5.6               -102089.12        -79840.18555     
5.605             -102088.0967      -78991.80381     
5.61              -102087.0407      -78132.00325     
5.615             -102085.8968      -77261.3749      
5.62              -102084.662       -76380.48213     
5.625             -102083.3731      -75489.904       
5.63              -102082.0058      -74590.21168     
5.635             -102080.518       -73681.96472     
5.64              -102078.8969      -72765.71188     
5.645             -102077.1238      -71841.99327     
5.65              -102075.1673      -70911.31758     
5.655             -102072.9998      -69974.17977     
5.66              -102070.586       -69031.05051     
5.665             -102067.8835      -68082.37738     
5.67              -102064.85        -67128.58709     
5.675             -102061.4356      -66170.08676     
5.68              -102057.5821      -65207.26107     
5.685             -102053.2291      -64240.47546     
5.69              -102048.3085      -63270.07554     
5.695             -102042.7424      -62296.38529     
5.7               -102036.4466      -61319.70876     
5.705             -102029.3266      -60340.33173     
5.71              -102021.2753      -59358.51613     
5.715             -102012.175       -58374.50752     
5.72              -102001.8944      -57388.53329     
5.725             -101990.287       -56400.80058     
5.73              -101977.1923      -55411.49904     
5.735             -101962.4328      -54420.80368     
5.74              -101945.8114      -53428.87227     
5.745             -101927.1131      -52435.84709     
5.75              -101906.1034      -51441.85852     
5.755             -101882.5244      -50447.02195     
5.76              -101856.0963      -49451.44245     
5.765             -101826.5153      -48455.21231     
5.77              -101793.4524      -47458.41583     
5.775             -101756.5516      -46461.12588     
5.78              -101715.4306      -45463.40892     
5.785             -101669.6774      -44465.32273     
5.79              -101618.8499      -43466.9186      
5.795             -101562.4753      -42468.24166     
5.8               -101500.0481      -41469.33152     
5.805             -101431.0296      -40470.22277     
5.81              -101354.8476      -39470.94561     
5.815             -101270.8955      -38471.52629     
5.82              -101178.532       -37471.98753     
5.825             -101077.0813      -36472.34897     
5.83              -100965.833       -35472.62746     
5.835             -100844.0424      -34472.83746     
5.84              -100710.9312      -33472.99128     
5.845             -100565.6885      -32473.0994      
5.85              -100407.4716      -31473.17068     
5.855             -100235.4074      -30473.21257     
5.86              -100048.5942      -29473.23135     
5.865             -99846.10315      -28473.23216     
5.87              -99626.9803       -27473.21925     
5.875             -99390.25032      -26473.19621     
5.88              -99134.91873      -25473.16585     
5.885             -98859.974        -24473.13061     
5.89              -98564.39408      -23473.09213     
5.895             -98247.14192      -22473.05168     
5.9               -97907.17396      -21473.01022     
5.905             -97543.44732      -20472.96861     
5.91              -97154.92439      -19472.92736     
5.915             -96740.5816       -18472.88659     
5.92              -96299.41212      -17472.84637     
5.925             -95830.43007      -16472.80701     
5.93              -95332.6686       -15472.768       
5.935             -94805.18479      -14472.72976     
5.94              -94247.06358      -13472.69189     
5.945             -93657.43001      -12472.65437     
5.95              -93035.4489       -11472.61647     
5.955             -92380.33948      -10472.57832     
5.96              -91691.38404      -9472.539602     
5.965             -90967.91739      -8472.499965     
5.97              -90209.338        -7472.459564     
5.975             -89415.11312      -6472.41799      
5.98              -88584.77529      -5472.375121     
5.985             -87717.93019      -4472.331        
5.99              -86814.26125      -3472.285505     
5.995             -85873.52989      -2472.238646     
6                 -84895.57723      -1472.190403     
6.005             -83880.32626      -472.1407514     
6.01              -82827.79593      527.9084148      
6.015             -81738.04516      1527.957765      
6.02              -80611.2187       2528.010196      
6.025             -79447.58987      3528.065268      
6.03              -78247.50386      4528.122975      
6.035             -77011.37804      5528.187345      
6.04              -75739.66217      6528.253845      
6.045             -74432.89324      7528.324746      
6.05              -73091.68867      8528.402245      
6.055             -71716.73017      9528.488543      
6.06              -70308.718        10528.56859      
6.065             -68868.36936      11528.65098      
6.07              -67396.5228       12528.74316      
6.075             -65894.07867      13528.84524      
6.08              -64362.07658      14528.96126      
6.085             -62801.49356      15529.09742      
6.09              -61213.20378      16529.24242      
6.095             -59598.25988      17529.40388      
6.1               -57957.48723      18529.55538      
6.105             -56292.09999      19529.72242      
6.11              -54603.26441      20529.92456      
6.115             -52892.05616      21530.16714      
6.12              -51159.59131      22530.4575       
6.125             -49407.00041      23530.80474      
6.13              -47635.39573      24531.21962      
6.135             -45845.84495      25531.71221      
6.14              -44039.37467      26532.29769      
6.145             -42217.00416      27532.99107      
6.15              -40379.70646      28533.80815      
6.155             -38528.41732      29534.76655      
6.16              -36664.053        30535.88666      
6.165             -34787.50412      31537.19147      
6.17              -32899.62182      32538.70633      
6.175             -31001.21827      33540.45936      
6.18              -29093.18636      34542.49583      
6.185             -27176.20489      35544.84412      
6.19              -25250.91059      36547.53668      
6.195             -23317.97584      37550.61822      
6.2               -21378.05738      38554.13711      
6.205             -19431.65952      39558.13147      
6.21              -17479.39072      40562.68517      
6.215             -15521.87587      41567.85612      
6.22              -13559.68288      42573.71379      
6.225             -11593.12412      43580.34498      
6.23              -9622.466513      44587.82905      
6.235             -7648.303532      45596.26194      
6.24              -5671.133826      46605.74941      
6.245             -3691.094862      47616.40235      
6.25              -1708.465377      48628.34324      
6.255             276.4078445       49641.70536      
6.26              2263.24899        50656.6311       
6.265             4251.855879       51673.27466      
6.27              6242.036875       52691.80139      
6.275             8233.602366       53712.38856      
6.28              10226.37638       54735.22511      
6.285             12220.2117        55760.51238      
6.29              14214.97308       56788.46311      
6.295             16210.56631       57819.30152      
6.3               18206.8414        58853.26415      
6.305             20203.73813       59890.59669      
6.31              22201.15795       60931.55499      
6.315             24199.03541       61976.40236      
6.32              26197.23133       63025.401        
6.325             28195.82558       64078.82698      
6.33              30194.86131       65136.96202      
6.335             32194.1473        66200.07399      
6.34              34193.4799        67268.41486      
6.345             36192.94571       68342.23737      
6.35              38192.64099       69421.77405      
6.355             40192.51786       70507.22843      
6.36              42192.47999       71598.77018      
6.365             44192.48707       72696.52596      
6.37              46192.55822       73800.56992      
6.375             48192.70178       74910.91347      
6.38              50192.88744       76027.49495      
6.385             52193.08241       77150.16863      
6.39              54193.2832        78278.69364      
6.395             56193.50588       79412.72364      
6.4               58193.75975       80551.79724      
6.405             60194.0394        81695.32945      
6.41              62194.33387       82842.60543      
6.415             64194.63437       83992.77551      
6.42              66194.93828       85144.85482      
6.425             68195.24402       86297.72374      
6.43              70195.54729       87450.13744      
6.435             72195.85171       88600.72847      
6.44              74196.17118       89748.0215       
6.445             76196.50723       90890.46085      
6.45              78196.84269       92026.43169      
6.455             80197.16738       93154.27123      
6.46              82197.47455       94272.31752      
6.465             84197.76711       95378.94312      
6.47              86198.05978       96472.57498      
6.475             88198.36262       97551.73983      
6.48              90198.68006       98615.10533      
6.485             92199.01084       99661.50918      
6.49              94199.34628       100689.9943      
6.495             96199.67505       101699.8369      
6.5               98199.99039       102690.5672      
6.505             100200.2932       103661.9903      
6.51              102200.5901       104614.1915      
6.515             104200.8876       105547.5376      
6.52              106201.187        106462.6759      
6.525             108201.4866       107360.5215      
6.53              110201.7862       108242.2295      
6.535             112202.0874       109109.1711      
6.54              114202.3893       109962.8969      
6.545             116202.6918       110805.1118      
6.55              118202.9826       111637.6064      
6.555             120203.2634       112462.2517      
6.56              122203.5359       113280.9281      
6.565             124203.801        114095.4926      
6.57              126204.0596       114907.7483      
6.575             128204.3112       115719.4068      
6.58              130204.5597       116532.0602      
6.585             132204.8108       117347.158       
6.59              134205.0668       118165.9914      
6.595             136205.3241       118989.6818      
6.6               138205.5774       119819.1768      
6.605             140205.8235       120655.2496      
6.61              142206.0617       121498.5046      
6.615             144206.2921       122349.3867      
6.62              146206.515        123208.193       
6.625             148206.7307       124075.0875      
6.63              150206.9399       124950.1163      
6.635             152207.1436       125833.225       
6.64              154207.3422       126724.2737      
6.645             156207.5367       127623.0539      
6.65              158207.7269       128529.3021      
6.655             160207.9133       129442.7142      
6.66              162208.0956       130362.9558      
6.665             164208.2749       131289.6741      
6.67              166208.4506       132222.5047      
6.675             168208.6238       133161.0801      
6.68              170208.7942       134105.0339      
6.685             172208.963        135054.0069      
6.69              174209.1298       136007.6483      
6.695             176209.2956       136965.6204      
6.7               178209.4603       137927.5984      
6.705             180209.6242       138893.2728      
6.71              182209.7869       139862.3495      
6.715             184209.9478       140834.5503      
6.72              186210.1057       141809.6129      
6.725             188210.2599       142787.2915      
6.73              190210.4084       143767.3548      
6.735             192210.5497       144749.5884      
6.74              194210.6798       145733.7913      
6.745             196210.7946       146719.7781      
6.75              198210.8868       147707.3763      
6.755             200210.9484       148696.4278      
6.76              202210.9671       149686.7859      
6.765             204210.9285       150678.317       
6.77              206210.8132       151670.8985      
6.775             208210.5962       152664.4187      
6.78              210210.2452       153658.7757      
6.785             212209.719        154653.8769      
6.79              214208.9662       155649.6392      
6.795             216207.9217       156645.9864      
6.8               218206.5055       157642.8511      
6.805             220204.6163       158640.1713      
6.81              222202.1308       159637.8925      
6.815             224198.8964       160635.965       
6.82              226194.7269       161634.3452      
6.825             228189.396        162632.9931      
6.83              230182.6318       163631.8741      
6.835             232174.1082       164630.9565      
6.84              234163.4383       165630.2133      
6.845             236150.1625       166629.619       
6.85              238133.7419       167629.153       
6.855             240113.5452       168628.7953      
6.86              242088.8408       169628.5299      
6.865             244058.7843       170628.3415      
6.87              246022.4081       171628.2182      
6.875             247978.6104       172628.148       
6.88              249926.1459       173628.1224      
6.885             251863.6142       174628.1325      
6.89              253789.4558       175628.1717      
6.895             255701.9439       176628.2339      
6.9               257599.182        177628.3143      
6.905             259479.1025       178628.4087      
6.91              261339.4694       179628.5137      
6.915             263177.8834       180628.6264      
6.92              264991.79         181628.7446      
6.925             266778.4922       182628.8663      
6.93              268535.1701       183628.9901      
6.935             270258.9041       184629.1148      
6.94              271946.7014       185629.2396      
6.945             273595.5261       186629.3635      
6.95              275202.3343       187629.4862      
6.955             276764.1113       188629.6071      
6.96              278277.9146       189629.7257      
6.965             279740.9167       190629.8421      
6.97              281150.4477       191629.9556      
6.975             282504.0388       192630.0661      
6.98              283799.4302       193630.1849      
6.985             285034.6264       194630.2936      
6.99              286208.0524       195630.3936      
6.995             287318.5738       196630.489       
7                 288365.3315       197630.5787      
7.005             289347.7267       198630.6638      
7.01              290265.6074       199630.744       
7.015             291119.3427       200630.825       
7.02              291909.7279       201630.8803      
7.025             292637.8874       202630.9236      
7.03              293305.3089       203630.96        
7.035             293913.8915       204630.9855      
7.04              294465.8994       205630.9983      
7.045             294963.8751       206630.9968      
7.05              295410.5823       207630.9784      
7.055             295808.9807       208630.9416      
7.06              296162.1733       209630.881       
7.065             296473.3711       210630.7921      
7.07              296745.8331       211630.6721      
7.075             296982.8301       212630.5157      
7.08              297187.6123       213630.3178      
7.085             297363.3654       214630.0722      
7.09              297513.165        215629.7721      
7.095             297639.941        216629.4095      
7.1               297746.4527       217628.9751      
7.105             297835.2698       218628.4592      
7.11              297908.7587       219627.8509      
7.115             297969.0764       220627.1361      
7.12              298018.1712       221626.3027      
7.125             298057.7872       222625.3332      
7.13              298089.4704       223624.2103      
7.135             298114.5756       224622.9143      
7.14              298134.2774       225621.4239      
7.145             298149.5826       226619.7147      
7.15              298161.3447       227617.76        
7.155             298170.2769       228615.5263      
7.16              298176.9732       229612.9874      
7.165             298181.9199       230610.0995      
7.17              298185.514        231606.8248      
7.175             298188.0748       232603.123       
7.18              298189.8219       233598.9084      
7.185             298190.9796       234594.1593      
7.19              298191.7091       235588.8288      
7.195             298192.1186       236582.8445      
7.2               298192.2917       237576.1368      
7.205             298192.2932       238568.6263      
7.21              298192.1713       239560.2298      
7.215             298191.961        240550.8562      
7.22              298191.6883       241540.4048      
7.225             298191.3758       242528.773       
7.23              298191.0295       243515.8379      
7.235             298190.6633       244501.4725      
7.24              298190.2898       245485.5443      
7.245             298189.9133       246467.9019      
7.25              298189.5348       247448.3865      
7.255             298189.1594       248426.8308      
7.26              298188.7854       249403.0439      
7.265             298188.4122       250376.8238      
7.27              298188.0505       251347.9533      
7.275             298187.7063       252316.203       
7.28              298187.3769       253281.3188      
7.285             298187.0602       254243.033       
7.29              298186.7578       255201.0534      
7.295             298186.4728       256155.067       
7.3               298186.2074       257104.7347      
7.305             298185.9626       258049.6927      
7.31              298185.7385       258989.5515      
7.315             298185.5351       259923.8849      
7.32              298185.3521       260852.241       
7.325             298185.1894       261774.1254      
7.33              298185.0458       262689.0159      
7.335             298184.92         263596.3377      
7.34              298184.8108       264495.4827      
7.345             298184.7166       265385.7907      
7.35              298184.6357       266266.5549      
7.355             298184.5662       267137.0164      
7.36              298184.5063       267996.3611      
7.365             298184.4544       268843.7195      
7.37              298184.4084       269678.1618      
7.375             298184.3665       270498.6985      
7.38              298184.3267       271304.2789      
7.385             298184.2873       272093.787       
7.39              298184.2466       272866.0511      
7.395             298184.2025       273619.8292      
7.4               298184.1536       274353.8313      
7.405             298184.1016       275066.6976      
7.41              298184.0409       275757.0238      
7.415             298183.9667       276423.3738      
7.42              298183.8853       277064.2515      
7.425             298183.801        277678.1364      
7.43              298183.7098       278263.4855      
7.435             298183.6076       278818.7408      
7.44              298183.4964       279342.3386      
7.445             298183.3711       279832.7492      
7.45              298183.2375       280288.4473      
7.455             298183.0962       280707.9577      
7.46              298182.9446       281089.865       
7.465             298182.782        281432.8217      
7.47              298182.6071       281735.5713      
7.475             298182.4245       281996.9528      
7.48              298182.2348       282215.9156      
7.485             298182.037        282391.5448      
7.49              298181.8239       282523.0716      
7.495             298181.592        282609.8839      
7.5               298181.3491       282651.5295      
7.505             298181.0983       282647.7229      
7.51              298180.835        282598.3697      
7.515             298180.5565       282503.5397      
7.52              298180.2562       282363.4481      
7.525             298179.9242       282178.5         
7.53              298179.5627       281949.2838      
7.535             298179.179        281676.5653      
7.54              298178.7668       281361.2752      
7.545             298178.2932       281004.6937      
7.55              298177.7879       280607.9553      
7.555             298177.2478       280172.3183      
7.56              298176.6458       279699.1902      
7.565             298175.969        279190.0513      
7.57              298175.2098       278646.4658      
7.575             298174.3573       278070.0576      
7.58              298173.3962       277462.4944      
7.585             298172.3122       276825.4604      
7.59              298171.0905       276160.6394      
7.595             298169.7132       275469.7039      
7.6               298168.1579       274754.2957      
7.605             298166.4          274016.0203      
7.61              298164.412        273256.4397      
7.615             298162.1646       272477.0556      
7.62              298159.6244       271679.3091      
7.625             298156.7541       270864.5749      
7.63              298153.5193       270034.1278      
7.635             298149.8608       269189.2277      
7.64              298145.7379       268331.0035      
7.645             298141.0896       267460.5437      
7.65              298135.8574       266578.8439      
7.655             298129.9862       265686.8076      
7.66              298123.3905       264785.2954      
7.665             298115.9728       263875.1045      
7.67              298107.6556       262956.9532      
7.675             298098.361        262031.4997      
7.68              298087.9704       261099.356       
7.685             298076.3549       260161.0807      
7.69              298063.3901       259217.185       
7.695             298048.9461       258268.1372      
7.7               298032.875        257314.3661      
7.705             298015.0629       256356.3036      
7.71              297995.2806       255394.2778      
7.715             297973.3202       254428.6043      
7.72              297948.996        253459.5945      
7.725             297922.0976       252487.5342      
7.73              297892.3887       251512.6849      
7.735             297859.6137       250535.2863      
7.74              297823.504        249555.5604      
7.745             297783.7745       248573.7132      
7.75              297740.12         247589.9342      
7.755             297692.2143       246604.3993      
7.76              297639.7101       245617.2703      
7.765             297582.2393       244628.696       
7.77              297519.4131       243638.8148      
7.775             297450.8207       242647.7535      
7.78              297376.0296       241655.6285      
7.785             297294.5852       240662.5477      
7.79              297206.0102       239668.6094      
7.795             297109.8041       238673.9031      
7.8               297005.4437       237678.5117      
7.805             296892.383        236682.5098      
7.81              296770.0545       235685.9658      
7.815             296637.8699       234688.9415      
7.82              296495.2192       233691.493       
7.825             296341.4698       232693.6703      
7.83              296175.9688       231695.5197      
7.835             295998.0428       230697.0808      
7.84              295806.9978       229698.3876      
7.845             295602.1225       228699.4735      
7.85              295382.6931       227700.3694      
7.855             295147.9771       226701.1003      
7.86              294897.2305       225701.6889      
7.865             294629.6932       224702.1546      
7.87              294344.5929       223702.5146      
7.875             294041.1527       222702.7838      
7.88              293718.5947       221702.975       
7.885             293376.1395       220703.0993      
7.89              293013.0071       219703.1661      
7.895             292628.4193       218703.1837      
7.9               292221.6042       217703.1587      
7.905             291791.7988       216703.0969      
7.91              291338.2519       215703.0033      
7.915             290860.2272       214702.8818      
7.92              290357.0055       213702.7359      
7.925             289827.8874       212702.5684      
7.93              289272.1957       211702.3817      
7.935             288689.2787       210702.1778      
7.94              288078.5132       209701.9587      
7.945             287439.3014       208701.7354      
7.95              286771.0884       207701.5051      
7.955             286073.3509       206701.2658      
7.96              285345.5954       205701.0205      
7.965             284587.3699       204700.7723      
7.97              283798.2678       203700.5269      
7.975             282977.9956       202700.2326      
7.98              282126.2474       201699.9082      
7.985             281242.7732       200699.5696      
7.99              280327.3683       199699.2184      
7.995             279379.8592       198698.8574      
8                 278400.1177       197698.4844      
8.005             277388.0673       196698.1011      
8.01              276343.6843       195697.7047      
8.015             275267.001        194697.2962      
8.02              274158.1094       193696.8725      
8.025             273017.1661       192696.4339      
8.03              271844.3866       191695.9767      
8.035             270640.0407       190695.5004      
8.04              269404.4443       189695.0013      
8.045             268137.9571       188694.4774      
8.05              266840.9806       187693.924       
8.055             265513.9599       186693.3387      
8.06              264157.3809       185692.7152      
8.065             262771.773        184692.0497      
8.07              261357.7033       183691.3348      
8.075             259915.777        182690.565       
8.08              258446.6313       181689.7313      
8.085             256950.9357       180688.8262      
8.09              255429.3863       179687.8389      
8.095             253882.7046       178686.7589      
8.1               252311.6337       177685.574       
8.105             250716.9351       176684.2705      
8.11              249099.3861       175682.8333      
8.115             247459.777        174681.2456      
8.12              245798.9074       173679.4888      
8.125             244117.5836       172677.5424      
8.13              242416.6155       171675.3839      
8.135             240696.8137       170672.9886      
8.14              238958.9858       169670.3285      
8.145             237203.9363       168667.3749      
8.15              235432.4611       167664.0937      
8.155             233645.3491       166660.4507      
8.16              231843.3755       165656.4056      
8.165             230027.3031       164651.9176      
8.17              228197.8773       163646.9395      
8.175             226355.8278       162641.4232      
8.18              224501.864        161635.3138      
8.185             222636.6765       160628.5551      
8.19              220760.9331       159621.0839      
8.195             218875.2807       158612.8352      
8.2               216980.342        157603.737       
8.205             215076.717        156593.7151      
8.21              213164.9802       155582.6882      
8.215             211245.6831       154570.5728      
8.22              209319.351        153557.2781      
8.225             207386.486        152542.7115      
8.23              205447.5639       151526.7732      
8.235             203503.0371       150509.3619      
8.24              201553.3318       149490.3699      
8.245             199598.8519       148469.6885      
8.25              197639.977        147447.2032      
8.255             195677.065        146422.8         
8.26              193710.4507       145396.3605      
8.265             191740.4483       144367.7677      
8.27              189767.3507       143336.9024      
8.275             187791.4319       142303.649       
8.28              185812.9457       141267.8914      
8.285             183832.1284       140229.52        
8.29              181849.1981       139188.4275      
8.295             179864.3569       138144.5163      
8.3               177877.7907       137097.6941      
8.305             175889.6709       136047.8819      
8.31              173900.1546       134995.0104      
8.315             171909.3859       133939.0264      
8.32              169917.4964       132879.8918      
8.325             167924.6063       131817.5881      
8.33              165930.8247       130752.1166      
8.335             163936.251        129683.502       
8.34              161940.9744       128611.7941      
8.345             159945.0761       127537.069       
8.35              157948.6291       126459.4328      
8.355             155951.699        125379.0212      
8.36              153954.3445       124296.0029      
8.365             151956.6178       123210.5796      
8.37              149958.5662       122122.9875      
8.375             147960.2313       121033.4982      
8.38              145961.6503       119942.4179      
8.385             143962.8556       118850.0887      
8.39              141963.876        117756.886       
8.395             139964.7365       116663.2195      
8.4               137965.4594       115569.5292      
